$ANSIBLE_VAULT;1.1;AES256
34613437613637656239383939623232653263613430363336626166333261396165343036393339
3634363034636362346330616338356361633238326231350a663465646639653564613931333566
30623062633065396435633932306564656337303262316538373335356364323262636166623833
3836626434613464660a346438343934663661313262353639613561666564303034363361313731
36613161373261643864633130383964663763333132656535303431666335643835626132646138
33616234323235333566316136303631386164366265336339306433613535643539646233616431
39663765646237663232613436336532316137383063643837363136616531356564623239393361
32663539393731336137356566386434333961326132333333643761646166353263363335323233
30373239636663623933366539316339643462386139393364616561363136633831656266616361
35343662353439323066333034373230313237653466356266373232366266366566643666373633
34383162393064343661656464383136326266323731633737396663303761633961323139323666
32636262333639653036653835373733323165323264333864393334303838336662316632336639
61323061303964346639373331656366303034306332616230643361386636663636646633336162
61396666356135326461363034666462356136666237643937656431396661373134343335393839
36663361653737663865323732363736343332373961643931623166396462663562393632336234
66376130323736653038303866353161366364616566303836376630386137643061376364303863
37646363646630373834356231383538356466623564646331366461313034633561356266383035
36663461326663363733396164666234326630306638386439353831346633393131313164346236
61373333386333643437643630353435373539653533376233343331306533616161656636306132
66373238333564663965313938326264346163623330303037613033393738396266376139313064
38363233396630666266326439653436343931363661653838316330396361333039356463363965
61663965333030656266306265313561383561383465656365373237336561663932646235646336
30373235383731363337633864643163353665613631323963633636653833316162343939383262
64363861646238376563336565653637376665346231643362663031383036613932356134623533
63626638363338396137333938313534383161326461636563363464663132343638373938363365
39636137353339666638366162386265623034346335626362353763663239303832316632326265
38383137653266666338663266373833633438323633336132383766353263306561323362656138
65656365663966336133363733326363343766333533356335306632363662653331643862353530
38336461346638616463336337396266326165633030393365333166363133373436396639366431
33663230376135326338393432666631363632663231623865393162323433323035623765643530
66363736613163653332646135333235356534306439643634373164333439356333336661383764
65663239386539333162396133333436616537613932356363353135353634366631613836363134
31656232383663323538623631353030616632623235613466376137653033313337333265353635
34613839376365333730373033623733366361326532613764616637393962393436363964303933
64643033373337343835303934643831333132306635616165616566386436363066373333343162
32643639316163333163363461623461366639363431393565333062373963393531393030316430
36373865633966636663393730636334656164303066306437613863623330303137356164623665
36623636323738306662313366643631623262303463323839343730383262383533356239333334
61366438376237646461353736636533313334313361656431363337386334656438636330626562
61636532376631316233303030396534353537663331666335336637353664323833393464303934
65643562636262616463323566343130316566356563353465316462383461326166326461366639
32303766323333613138666231656531633262393239346433333633333337343936393736333435
39316465353937343936656534343235383762393232643331353963616338663531643033306235
39303030303035376664396463343033363334663833626365653661323133613833306262306534
34363361396361343431303362326465646666333362656234383661663839393565326564626466
33366162663364653636613966343863653637353163356430623339373738303066373266646338
30313332373761313865643066656663366537383337633530353565333533323732623239366232
39633665393838333566613132653736363963613436323335343439663761663866613438346565
30306163323036636131383133613565366562323561383731306163373132613135616566363566
30366438366665666530306431353538343836653230663630633934613765333330613139373537
32656665353861303062306362326332313665666665303463393134306537336437623061636238
63613333343039363462643366346364343038353465356664666564376264313464356532356636
37326464626131633762303363383332336466656430376564623563336439633337383035326135
38306264366530613433643063326537333365623931643333353037646666653763386630666232
33613231633666633335386331376235363464393465373236313930336433653961666135313339
31613833653133346132343934393132313733303338333530623632653162653265313232373634
36393238336536333031323730393637613935323735336337333434343630633261383336353937
62336434313536636666313933666264653633643865623133366637623435663434656133326666
38306438336130353832323862373436613265346139396630346338653965613463613330343531
30373561396533393162343831333762353834303035353666376165643065323861613761393838
63626137316462333762353336653336623632656538336463663337366663656533316137303363
62383032653861663561373561353435323565646462616539353464303238306461383734303939
65306232653661363865386636623130306436643433343061643231653861343836333034663032
35396430393566663737303730386232336439393832316565306466663237356339323932633731
61326363653437666135616363376261626136656565383639343036343932376632333730313165
34653738376133393861356531663861376433336463346461393963303730313633666132663965
62623166656163356330346166356534613031663633336630306538653565623032353965333930
35363831643761633365306666306639386335616138613338613439653066376663366265313431
62623438346232663236386135376566386230666535303665643935323237333064393333313162
62633166613134396162656663623534356662353134363764393632323464666430393263343938
61613632643734636336646666666361393830663062323261356430306336306231326362646335
62333266643736363534623861656661346264643765376137653338326332336165613838363634
61663332656333626530396237383837383238636664376266666135376664376234636361353935
36373463323863396261656364393466323138656330613031663233343134333130353262366132
38626364663233383630386636336534393265646235313962323233376231373439393837336530
61323931326630656366616339396431663831623039356338353765656264643430383236343639
31653831343866336636363833343230616564393262373763396365396336386534303264373737
37366535393338393665616363346166646265376339343265313639666437373065396462343639
39666638653331646535366665346138626534393265383633376436653932333631653761626166
34356339323235653532656165663466383730303437363133633036343138376133336166653261
33343837333631396330616234336435656239376335346139363066653137306438363565376339
66356332623232366637653266323866616137313139303232373565373265346661616631323162
64656330636430656339643931353164616261336430653635666638356566306237316363336362
37376634343638383936633333303838323733353238333261663564353165383938383336393762
33366465636361623536383766316639343832633963653962313937376237383831386539366563
63333464353431633731666430353661323539396431626339336163636336333866646463326562
34346664383337393963346662623630353566373738333236313630633165643061363662646335
37646139343964306138653664623630393762353938333239313761376564393832333135613734
63386261643631616439306337666338376161353539386664396663353930653737343135656265
66376461666236663463313634656330346533326566343963636465336238363733353564306431
34333030383736613638353862363366353632623363343438323736613338303366623733323163
62393062346263393431616565393666303563356464383736643862316266316430666238653930
33373635626261653162316564393765366630633634386666346664333664623766313338336634
62646465356131383034633635616362346364646634643363366235366433623833313634303665
66643966623130353533363263323663393434636231353031613433646536356639316533363763
64373336323633356639363633376561363330373039656263626463623534633166306337346136
63363731336362633666366237383931663366393939333431623431303630623161653336643161
32626335333734313865343938626366336631666333386331353331616661613936653264623233
64333731356132393637643430333464646139396161653733663939343434396232393935386361
30363539356336393266393731653735303031353464383337363662306237326164346263636235
34626266616562343137373462356631343863373037323837633732316364363731303363623664
64383066366534376666376366323564353065636635613939636566366136313234323030356134
35336633396535356561323034613339353064363033396337316166613931323733346530613262
64643735613533343438333431663734613661306634343031313131366234343638636536623132
61353536623036663937316237353734323235376239303662343039363939653931303263623135
31376230333234366130663734663737333137653037386665643761386566626132333735623661
30363963383161646562653736326434303933633566343966363065653361333332306135316463
35616364356363323531663238636162346664613561376161653036646232623064653635623139
62353839356535353235393363616439626433633038303835623063343732636466323437323734
64643939303538643537616438623336303933316337633732666533363637666336396536336436
65613261376565653137636432623437393765356638316663363736313761353335303434393236
32326132373138326132626432663637396137326131643734346133363334396235333361323630
38383332643333396232343736356137656436653231336562356333303961633933663462653865
64303432326663383264313864396666653836643032393464386136366366653433653532623666
35623630653530643633333939303539386262633861316563376364386536303366353931376661
61316630633231613466643365623138623136396638666134663930313135313035636330393232
30383235653261333831393438613464313139663234623930383237353763653035653764303939
34313465633936306334343732326335343133633331353565613539393036663363306535663566
63336462356135316430646638373033623163363265373130333466633464383233336339356139
32633236333633653862343634396261323236313333323530353338306633666662313331313539
32616461353536656263326261316337613837336262333334363863313833346665303930656466
36333664383833373439663035653566363237623161343963346437646435363166633939316239
38316536373864323465373535383466616432383033393335356363646139626661343635353035
64633135616630393235626639393630326262636230323834626266386461373030663864623738
36663863353563383535343932373230323538323832306231373732313835316630383135333764
61636136346430626565663165306432333234346235326161366333393830356164313838343161
30343638376136363438643461643361666635633035383364323833656462663165393064616533
65383638383031623737313463633931613938383435313930623338323365356164383736666561
35303934653236353839373731646333386332636434333737626136346365373862646136366135
35313633356434323437613634383837656532353961646561306135613563616638386632356635
38333965396262393131333430366565356661663561313939343030613531663664666263333165
32363932393635633737613764383563636533666665393535353462313835363830613136396261
61373262613632393664396363643735373933306461666161626639343831316632
